0.000000000000000000e+00 0.000000000000000000e+00
1.000000000000000056e-01 1.243317027740663792e-02
2.000000000000000111e-01 4.928011718808950059e-02
3.000000000000000444e-01 1.098924845038302817e-01
4.000000000000000222e-01 1.936452237548161592e-01
5.000000000000000000e-01 2.999417825043490526e-01
6.000000000000000888e-01 4.282017917251418893e-01
7.000000000000000666e-01 5.778677675338711461e-01
8.000000000000000444e-01 7.484021471731810982e-01
9.000000000000000222e-01 9.392663846596854826e-01
1.000000000000000000e+00 1.149935972121364003e+00
1.100000000000000089e+00 1.379899205107622651e+00
1.200000000000000178e+00 1.628655542434950698e+00
1.300000000000000044e+00 1.895719224871390551e+00
1.400000000000000133e+00 2.180643169931569592e+00
1.500000000000000000e+00 2.483009026033808464e+00
1.600000000000000089e+00 2.802416186460590097e+00
1.700000000000000178e+00 3.138481666800636560e+00
1.800000000000000044e+00 3.490825407331070274e+00
1.900000000000000133e+00 3.859083266189413219e+00
2.000000000000000000e+00 4.242899339982979079e+00
2.100000000000000089e+00 4.641937069444717068e+00
2.200000000000000178e+00 5.055869890417444168e+00
2.300000000000000266e+00 5.484386779779851118e+00
2.400000000000000355e+00 5.927167404339808598e+00
2.500000000000000000e+00 6.383901955069347878e+00
2.600000000000000089e+00 6.854294608190786953e+00
2.700000000000000178e+00 7.338039985298037138e+00
2.800000000000000266e+00 7.834839948097973128e+00
2.900000000000000355e+00 8.344397675687542204e+00
3.000000000000000000e+00 8.866434890714693040e+00
3.100000000000000089e+00 9.400683015054433156e+00
3.200000000000000178e+00 9.946878676818544207e+00
3.300000000000000266e+00 1.050477901857013840e+01
3.400000000000000355e+00 1.107416225437591528e+01
3.500000000000000000e+00 1.165483490005998668e+01
3.600000000000000089e+00 1.224659590109983043e+01
3.700000000000000178e+00 1.284927486605990232e+01
3.800000000000000266e+00 1.346269964578650402e+01
3.900000000000000355e+00 1.408669779509053477e+01
4.000000000000000000e+00 1.472113956026886505e+01
4.100000000000000533e+00 1.536582635470823810e+01
4.200000000000000178e+00 1.602056152574067838e+01
4.299999999999999822e+00 1.668515822008598803e+01
4.400000000000000355e+00 1.735946956106830896e+01
4.500000000000000000e+00 1.804335770232364666e+01
4.600000000000000533e+00 1.873668128103028963e+01
4.700000000000000178e+00 1.943927360594337728e+01
4.800000000000000711e+00 2.015095353554535151e+01
4.900000000000000355e+00 2.087157719261879762e+01
5.000000000000000000e+00 2.160101340949122317e+01
5.100000000000000533e+00 2.233908777665412160e+01
5.200000000000000178e+00 2.308560567424653343e+01
5.300000000000000711e+00 2.384041755949223429e+01
5.400000000000000355e+00 2.460340471599790391e+01
5.500000000000000000e+00 2.537443832779438324e+01
5.600000000000000533e+00 2.615339161895980169e+01
5.700000000000000178e+00 2.694012518472858631e+01
5.800000000000000711e+00 2.773458813150443092e+01
5.900000000000000355e+00 2.853671606060787624e+01
6.000000000000000000e+00 2.934643478770672331e+01
6.100000000000000533e+00 3.016367011404038223e+01
6.200000000000000178e+00 3.098831528004280145e+01
6.300000000000000711e+00 3.182028297469219069e+01
6.400000000000000355e+00 3.265949908815498048e+01
6.500000000000000000e+00 3.350590682277889698e+01
6.600000000000000533e+00 3.435940831181019917e+01
6.700000000000000178e+00 3.521987670254581104e+01
6.800000000000000711e+00 3.608724605062339919e+01
6.900000000000000355e+00 3.696151003959764125e+01
7.000000000000000000e+00 3.784262273824821676e+01
7.100000000000000533e+00 3.873051227836171506e+01
7.200000000000000178e+00 3.962512921572778879e+01
7.300000000000000711e+00 4.052638240448924023e+01
7.400000000000000355e+00 4.143421402903669559e+01
7.500000000000000000e+00 4.234854889438083347e+01
7.600000000000000533e+00 4.326929653509645846e+01
7.700000000000000178e+00 4.419636693834011965e+01
7.800000000000000711e+00 4.512958203661268186e+01
7.900000000000000355e+00 4.606891455042643457e+01
8.000000000000000000e+00 4.701429974487714958e+01
8.099999999999999645e+00 4.796559930376871961e+01
8.200000000000001066e+00 4.892273961606179711e+01
8.300000000000000711e+00 4.988567719831520719e+01
8.400000000000000355e+00 5.085440936729994377e+01
8.500000000000000000e+00 5.182878634070999624e+01
8.599999999999999645e+00 5.280867366058052426e+01
8.700000000000001066e+00 5.379394688290548032e+01
8.800000000000000711e+00 5.478452688345495858e+01
8.900000000000000355e+00 5.578030811806694089e+01
9.000000000000000000e+00 5.678118120675141967e+01
9.099999999999999645e+00 5.778693220463928526e+01
9.200000000000001066e+00 5.879740258067652547e+01
9.300000000000000711e+00 5.981245920834409446e+01
9.400000000000000355e+00 6.083196694641289781e+01
9.500000000000000000e+00 6.185579718813563943e+01
9.600000000000001421e+00 6.288383058535726633e+01
9.700000000000001066e+00 6.391595014032191102e+01
9.800000000000000711e+00 6.495200419819104809e+01
9.900000000000000355e+00 6.599179171015403256e+01
1.000000000000000000e+01 6.703520173606182198e+01
1.010000000000000142e+01 6.808207745837199809e+01
1.020000000000000107e+01 6.913231355466656680e+01
1.030000000000000071e+01 7.018587219616060224e+01
1.040000000000000036e+01 7.124268808765457095e+01
1.050000000000000000e+01 7.230267818634611388e+01
1.060000000000000142e+01 7.336572878103146422e+01
1.070000000000000107e+01 7.443170088344659518e+01
1.080000000000000071e+01 7.550049126319180459e+01
1.090000000000000036e+01 7.657203906060334475e+01
1.100000000000000000e+01 7.764634380939816083e+01
1.110000000000000142e+01 7.872332061409380799e+01
1.120000000000000107e+01 7.980289697687318551e+01
1.130000000000000071e+01 8.088498874528322347e+01
1.140000000000000036e+01 8.196958970979042647e+01
1.150000000000000000e+01 8.305666923961436510e+01
1.160000000000000142e+01 8.414620386390403439e+01
1.170000000000000107e+01 8.523811421716101222e+01
1.180000000000000071e+01 8.633237440316653988e+01
1.190000000000000036e+01 8.742888572389075819e+01
1.200000000000000000e+01 8.852754939295175518e+01
1.210000000000000142e+01 8.962830845461462559e+01
1.220000000000000107e+01 9.073106131171762456e+01
1.230000000000000071e+01 9.183579346899612972e+01
1.240000000000000036e+01 9.294248563688528009e+01
1.250000000000000000e+01 9.405108448146494027e+01
1.260000000000000142e+01 9.516158860935153996e+01
1.270000000000000107e+01 9.627403253933654526e+01
1.280000000000000071e+01 9.738847857424538290e+01
1.290000000000000036e+01 9.850494600808750079e+01
1.300000000000000000e+01 9.962338447658927976e+01
1.310000000000000142e+01 1.007437690841754261e+02
1.320000000000000107e+01 1.018660848086023094e+02
1.330000000000000071e+01 1.029903662185573552e+02
1.340000000000000036e+01 1.041166924647696703e+02
1.350000000000000000e+01 1.052449993356454314e+02
1.360000000000000142e+01 1.063752855138571789e+02
1.370000000000000107e+01 1.075075147295268039e+02
1.380000000000000071e+01 1.086416813375088566e+02
1.390000000000000036e+01 1.097778202753394794e+02
1.400000000000000000e+01 1.109158884384166299e+02
1.410000000000000142e+01 1.120558977464659876e+02
1.420000000000000107e+01 1.131978642305617484e+02
1.430000000000000071e+01 1.143418842787885978e+02
1.440000000000000036e+01 1.154880355335208009e+02
1.450000000000000000e+01 1.166362898272376611e+02
1.460000000000000142e+01 1.177866422963619755e+02
1.470000000000000107e+01 1.189390902545908233e+02
1.480000000000000071e+01 1.200936323318992152e+02
1.490000000000000036e+01 1.212502298783776666e+02
1.500000000000000000e+01 1.224089014997506411e+02
1.510000000000000142e+01 1.235696600231034950e+02
1.520000000000000107e+01 1.247325622415094557e+02
1.530000000000000071e+01 1.258976092908875728e+02
1.540000000000000036e+01 1.270648257664048089e+02
1.550000000000000000e+01 1.282341327816049272e+02
1.560000000000000142e+01 1.294055351009566834e+02
1.570000000000000107e+01 1.305791398309391411e+02
1.580000000000000071e+01 1.317549211151219026e+02
1.590000000000000036e+01 1.329329194640193634e+02
1.600000000000000000e+01 1.341130898155764726e+02
1.610000000000000142e+01 1.352953808928368744e+02
1.619999999999999929e+01 1.364797211630123570e+02
1.630000000000000071e+01 1.376661334989486818e+02
1.640000000000000213e+01 1.388548294348584591e+02
1.650000000000000000e+01 1.400458927586651328e+02
1.660000000000000142e+01 1.412392272421635937e+02
1.669999999999999929e+01 1.424347239676818333e+02
1.680000000000000071e+01 1.436322271271399131e+02
1.690000000000000213e+01 1.448317625878525234e+02
1.700000000000000000e+01 1.460332733032161627e+02
1.710000000000000142e+01 1.472366936428287829e+02
1.719999999999999929e+01 1.484418802708379985e+02
1.730000000000000071e+01 1.496487568772248551e+02
1.740000000000000213e+01 1.508573694370479927e+02
1.750000000000000000e+01 1.520678069352195507e+02
1.760000000000000142e+01 1.532802015684375760e+02
1.769999999999999929e+01 1.544946358097045618e+02
1.780000000000000071e+01 1.557111203276498657e+02
1.790000000000000213e+01 1.569296882715163406e+02
1.800000000000000000e+01 1.581503985379968071e+02
1.810000000000000142e+01 1.593731856789638925e+02
1.819999999999999929e+01 1.605978938994484224e+02
1.830000000000000071e+01 1.618244413714878362e+02
1.840000000000000213e+01 1.630528016495426584e+02
1.850000000000000000e+01 1.642829546401896437e+02
1.860000000000000142e+01 1.655149301399048056e+02
1.869999999999999929e+01 1.667487711223009796e+02
1.880000000000000071e+01 1.679844168186056095e+02
1.890000000000000213e+01 1.692219373926042465e+02
1.900000000000000000e+01 1.704613078206015473e+02
1.910000000000000142e+01 1.717023550203449247e+02
1.920000000000000284e+01 1.729450920006769650e+02
1.930000000000000071e+01 1.741895530872099584e+02
1.940000000000000213e+01 1.754358328093631769e+02
1.950000000000000000e+01 1.766839108965911578e+02
1.960000000000000142e+01 1.779338000403417936e+02
1.970000000000000284e+01 1.791854503706794333e+02
1.980000000000000071e+01 1.804389841990241052e+02
1.990000000000000213e+01 1.816945317531147452e+02
2.000000000000000000e+01 1.829520329285283253e+02
2.010000000000000142e+01 1.842114206320640619e+02
2.020000000000000284e+01 1.854727387973409236e+02
2.030000000000000071e+01 1.867358075212521555e+02
2.040000000000000213e+01 1.880004725576350495e+02
2.050000000000000000e+01 1.892666724774192915e+02
2.060000000000000142e+01 1.905343842044527207e+02
2.070000000000000284e+01 1.918037181569548295e+02
2.080000000000000071e+01 1.930746130303380710e+02
2.090000000000000213e+01 1.943471220778592681e+02
2.100000000000000000e+01 1.956211950503062837e+02
2.110000000000000142e+01 1.968968157431161785e+02
2.120000000000000284e+01 1.981738892269148664e+02
2.130000000000000071e+01 1.994524922235550548e+02
2.140000000000000213e+01 2.007325579135689395e+02
2.150000000000000000e+01 2.020138928354671179e+02
2.160000000000000142e+01 2.032963809538966586e+02
2.170000000000000284e+01 2.045801026905303104e+02
2.180000000000000071e+01 2.058650392515952490e+02
2.190000000000000213e+01 2.071511188401826473e+02
2.200000000000000000e+01 2.084383602990363329e+02
2.210000000000000142e+01 2.097267972471204018e+02
2.220000000000000284e+01 2.110165500107142407e+02
2.230000000000000071e+01 2.123076740618079157e+02
2.240000000000000213e+01 2.136002742090408333e+02
2.250000000000000000e+01 2.148943776434485642e+02
2.260000000000000142e+01 2.161899420533958391e+02
2.270000000000000284e+01 2.174869082171726120e+02
2.280000000000000071e+01 2.187852679883153826e+02
2.290000000000000213e+01 2.200850918901406033e+02
2.300000000000000000e+01 2.213863099864463209e+02
2.310000000000000142e+01 2.226888951150116895e+02
2.320000000000000284e+01 2.239927297180285279e+02
2.330000000000000071e+01 2.252976461355226832e+02
2.340000000000000213e+01 2.266037111926974035e+02
2.350000000000000000e+01 2.279109612755188152e+02
2.360000000000000142e+01 2.292193353042511603e+02
2.370000000000000284e+01 2.305287869359212323e+02
2.380000000000000071e+01 2.318392476186514273e+02
2.390000000000000213e+01 2.331508525064076309e+02
2.400000000000000000e+01 2.344637054653464645e+02
2.410000000000000142e+01 2.357777642006348913e+02
2.420000000000000284e+01 2.370930410874600227e+02
2.430000000000000071e+01 2.384094429589362392e+02
2.440000000000000213e+01 2.397269803099995897e+02
2.450000000000000000e+01 2.410456492469940315e+02
2.460000000000000142e+01 2.423655056418689639e+02
2.470000000000000284e+01 2.436865972609375603e+02
2.480000000000000071e+01 2.450089070452889359e+02
2.490000000000000213e+01 2.463325657472961154e+02
2.500000000000000000e+01 2.476575760251109273e+02
2.510000000000000142e+01 2.489838124691202381e+02
2.520000000000000284e+01 2.503112551141067286e+02
2.530000000000000071e+01 2.516398115137142781e+02
2.540000000000000213e+01 2.529695411639919200e+02
2.550000000000000000e+01 2.543004487022063813e+02
2.560000000000000142e+01 2.556325016380270085e+02
2.570000000000000284e+01 2.569655947678265306e+02
2.580000000000000071e+01 2.582995875650611310e+02
2.590000000000000213e+01 2.596344858017358774e+02
2.600000000000000000e+01 2.609701729859925763e+02
2.610000000000000142e+01 2.623066052186661636e+02
2.620000000000000284e+01 2.636437940710403609e+02
2.630000000000000071e+01 2.649817429188979645e+02
2.640000000000000213e+01 2.663204898521758537e+02
2.650000000000000000e+01 2.676600439367019248e+02
2.660000000000000142e+01 2.690003849376568610e+02
2.670000000000000284e+01 2.703414515011729691e+02
2.680000000000000071e+01 2.716832507135057995e+02
2.690000000000000213e+01 2.730258143690977022e+02
2.700000000000000000e+01 2.743692078361766562e+02
2.710000000000000142e+01 2.757135112221237137e+02
2.720000000000000284e+01 2.770589548720564608e+02
2.730000000000000071e+01 2.784055874420457712e+02
2.740000000000000213e+01 2.797535136968550660e+02
2.750000000000000000e+01 2.811029059646148198e+02
2.760000000000000142e+01 2.824537065618710017e+02
2.770000000000000284e+01 2.838059316075821812e+02
2.780000000000000071e+01 2.851594418789105703e+02
2.790000000000000213e+01 2.865143160396950179e+02
2.800000000000000000e+01 2.878706402908828181e+02
2.810000000000000142e+01 2.892284274698000104e+02
2.820000000000000284e+01 2.905876634772644707e+02
2.830000000000000071e+01 2.919482727428011799e+02
2.840000000000000213e+01 2.933101558289601485e+02
2.850000000000000000e+01 2.946732847555313128e+02
2.860000000000000142e+01 2.960376168031257293e+02
2.870000000000000284e+01 2.974031147115727549e+02
2.880000000000000071e+01 2.987697741095408333e+02
2.890000000000000213e+01 3.001374787882267015e+02
2.900000000000000000e+01 3.015062197033122970e+02
2.910000000000000142e+01 3.028759509775902075e+02
2.920000000000000284e+01 3.042466194898960339e+02
2.930000000000000071e+01 3.056182753068368925e+02
2.940000000000000213e+01 3.069908588107087439e+02
2.950000000000000000e+01 3.083642927835974774e+02
2.960000000000000142e+01 3.097385805267400087e+02
2.970000000000000284e+01 3.111136980362066424e+02
2.980000000000000071e+01 3.124896770714969421e+02
2.990000000000000213e+01 3.138665671574373732e+02
3.000000000000000000e+01 3.152444128975027411e+02
3.010000000000000142e+01 3.166232141121950008e+02
3.020000000000000284e+01 3.180029616786633255e+02
3.030000000000000071e+01 3.193835427136233420e+02
3.040000000000000213e+01 3.207649498071957623e+02
3.050000000000000000e+01 3.221470881294034143e+02
3.060000000000000142e+01 3.235298913290462792e+02
3.070000000000000284e+01 3.249134044065569356e+02
3.080000000000000071e+01 3.262976404373521291e+02
3.090000000000000213e+01 3.276824768626387367e+02
3.100000000000000000e+01 3.290678366687947687e+02
3.110000000000000142e+01 3.304536316549359185e+02
3.120000000000000284e+01 3.318397535682931903e+02
3.130000000000000071e+01 3.332261163737871357e+02
3.140000000000000213e+01 3.346126850400135027e+02
3.150000000000000000e+01 3.359993027488293933e+02
3.160000000000000142e+01 3.373858222628197154e+02
3.170000000000000284e+01 3.387721870077334074e+02
3.180000000000000071e+01 3.401583939436022774e+02
3.190000000000000213e+01 3.415444379137097712e+02
3.200000000000000000e+01 3.429303147712784039e+02
3.210000000000000142e+01 3.443159433121862776e+02
3.220000000000000284e+01 3.457013192664265944e+02
3.230000000000000426e+01 3.470864805208585153e+02
3.239999999999999858e+01 3.484712931607390942e+02
3.250000000000000000e+01 3.498557265338841944e+02
3.260000000000000142e+01 3.512398653774881723e+02
3.270000000000000284e+01 3.526237330109436812e+02
3.280000000000000426e+01 3.540073672518010994e+02
3.289999999999999858e+01 3.553906372033254684e+02
3.300000000000000000e+01 3.567734144655528326e+02
3.310000000000000142e+01 3.581556896312841900e+02
3.320000000000000284e+01 3.595375131260484522e+02
3.330000000000000426e+01 3.609189370111678272e+02
3.339999999999999858e+01 3.623001206472218882e+02
3.350000000000000000e+01 3.636811986159562480e+02
3.360000000000000142e+01 3.650622968321458757e+02
3.370000000000000284e+01 3.664433478133095718e+02
3.380000000000000426e+01 3.678242444540007909e+02
3.389999999999999858e+01 3.692049051581082040e+02
3.400000000000000000e+01 3.705853397201137227e+02
3.410000000000000142e+01 3.719655456550303256e+02
3.420000000000000284e+01 3.733455277947543891e+02
3.430000000000000426e+01 3.747252765047943512e+02
3.439999999999999858e+01 3.761048073650430297e+02
3.450000000000000000e+01 3.774841118641431876e+02
3.460000000000000142e+01 3.788632763886339490e+02
3.470000000000000284e+01 3.802423857265064839e+02
3.480000000000000426e+01 3.816215128668899865e+02
3.489999999999999858e+01 3.830005788430843268e+02
3.500000000000000000e+01 3.843795115849881086e+02
3.510000000000000142e+01 3.857582463214890822e+02
3.520000000000000284e+01 3.871368745366733037e+02
3.530000000000000426e+01 3.885154146074766572e+02
3.539999999999999858e+01 3.898938567461254934e+02
3.550000000000000000e+01 3.912722261430247386e+02
3.560000000000000142e+01 3.926505837295763399e+02
3.570000000000000284e+01 3.940288855502946035e+02
3.580000000000000426e+01 3.954071222228654960e+02
3.589999999999999858e+01 3.967853166901882673e+02
3.600000000000000000e+01 3.981635773101252767e+02
3.610000000000000142e+01 3.995419529812513701e+02
3.620000000000000284e+01 4.009204448587959746e+02
3.630000000000000426e+01 4.022990763862825361e+02
3.639999999999999858e+01 4.036780304301865385e+02
3.650000000000000000e+01 4.050574288391068194e+02
3.660000000000000142e+01 4.064373669723825060e+02
3.670000000000000284e+01 4.078178923589444480e+02
3.680000000000000426e+01 4.091989935199194406e+02
3.689999999999999858e+01 4.105806446174142366e+02
3.700000000000000000e+01 4.119628001747216786e+02
3.710000000000000142e+01 4.133454527618800967e+02
3.720000000000000284e+01 4.147285125360210714e+02
3.730000000000000426e+01 4.161118776607297036e+02
3.739999999999999858e+01 4.174955184312800043e+02
3.750000000000000000e+01 4.188795192223991535e+02
3.760000000000000142e+01 4.202638911809370370e+02
3.770000000000000284e+01 4.216486443098094128e+02
3.780000000000000426e+01 4.230337639748060496e+02
3.789999999999999858e+01 4.244192647486547685e+02
3.800000000000000000e+01 4.258051536211922325e+02
3.810000000000000142e+01 4.271914311151490438e+02
3.820000000000000284e+01 4.285780919271987273e+02
3.830000000000000426e+01 4.299652129457830938e+02
3.840000000000000568e+01 4.313528781181331055e+02
3.850000000000000000e+01 4.327411775675848844e+02
3.860000000000000142e+01 4.341301018629135342e+02
3.870000000000000284e+01 4.355196414350179452e+02
3.880000000000000426e+01 4.369098513585553292e+02
3.890000000000000568e+01 4.383007425197250200e+02
3.900000000000000000e+01 4.396925563482350867e+02
3.910000000000000142e+01 4.410853280861917369e+02
3.920000000000000284e+01 4.424790866934222890e+02
3.930000000000000426e+01 4.438739180605164734e+02
3.940000000000000568e+01 4.452698062288841356e+02
3.950000000000000000e+01 4.466666559665524119e+02
3.960000000000000142e+01 4.480644124212806787e+02
3.970000000000000284e+01 4.494630937457517916e+02
3.980000000000000426e+01 4.508627424627907203e+02
3.990000000000000568e+01 4.522635218136840649e+02
4.000000000000000000e+01 4.536655390887119097e+02
4.010000000000000142e+01 4.550689512044089611e+02
4.020000000000000284e+01 4.564738455806454454e+02
4.030000000000000426e+01 4.578802804740869874e+02
4.040000000000000568e+01 4.592882093566958019e+02
4.050000000000000000e+01 4.606976772705014582e+02
4.060000000000000142e+01 4.621087010859966426e+02
4.070000000000000284e+01 4.635213609084690916e+02
4.080000000000000426e+01 4.649356191488017203e+02
4.090000000000000568e+01 4.663514751218812080e+02
4.100000000000000000e+01 4.677688629128229536e+02
4.110000000000000142e+01 4.691876971953665247e+02
4.120000000000000284e+01 4.706079786946954755e+02
4.130000000000000426e+01 4.720297872124137371e+02
4.140000000000000568e+01 4.734532915190518452e+02
4.150000000000000000e+01 4.748785256281536249e+02
4.160000000000000142e+01 4.763055391130604903e+02
4.170000000000000284e+01 4.777341997514234890e+02
4.180000000000000426e+01 4.791643029121649988e+02
4.190000000000000568e+01 4.805959284305411074e+02
4.200000000000000000e+01 4.820291487889462587e+02
4.210000000000000142e+01 4.834642046316701567e+02
4.220000000000000284e+01 4.849012284779809647e+02
4.230000000000000426e+01 4.863401973752879144e+02
4.240000000000000568e+01 4.877811290324526681e+02
4.250000000000000000e+01 4.892239439378606107e+02
4.260000000000000142e+01 4.906684912026744882e+02
4.270000000000000284e+01 4.921147887455889531e+02
4.280000000000000426e+01 4.935629496386608821e+02
4.290000000000000568e+01 4.950131211971699372e+02
4.300000000000000000e+01 4.964654155149541452e+02
4.310000000000000142e+01 4.979198505972960334e+02
4.320000000000000284e+01 4.993766059216770827e+02
4.330000000000000426e+01 5.008358360820075177e+02
4.340000000000000568e+01 5.022974027292738697e+02
4.350000000000000000e+01 5.037610547869681454e+02
4.360000000000000142e+01 5.052267625783111953e+02
4.370000000000000284e+01 5.066945555722385279e+02
4.380000000000000426e+01 5.081643870569202477e+02
4.390000000000000568e+01 5.096363118468615312e+02
4.400000000000000000e+01 5.111103454939895983e+02
4.410000000000000142e+01 5.125865399192597351e+02
4.420000000000000284e+01 5.140647752626692863e+02
4.430000000000000426e+01 5.155448198635895096e+02
4.440000000000000568e+01 5.170266686128901483e+02
4.450000000000000000e+01 5.185102694282761604e+02
4.460000000000000142e+01 5.199955681809153702e+02
4.470000000000000284e+01 5.214824611878665337e+02
4.480000000000000426e+01 5.229708236418654224e+02
4.490000000000000568e+01 5.244606623328403430e+02
4.500000000000000000e+01 5.259520488968447580e+02
4.510000000000000142e+01 5.274447689147674510e+02
4.520000000000000284e+01 5.289387916025669938e+02
4.530000000000000426e+01 5.304342278483787823e+02
4.540000000000000568e+01 5.319312149819071465e+02
4.550000000000000000e+01 5.334296293642053115e+02
4.560000000000000142e+01 5.349293232254353825e+02
4.570000000000000284e+01 5.364302882752018604e+02
4.580000000000000426e+01 5.379325038282979676e+02
4.590000000000000568e+01 5.394358497637299479e+02
4.600000000000000000e+01 5.409403922699351597e+02
4.610000000000000142e+01 5.424463136865023216e+02
4.620000000000000284e+01 5.439536594714998046e+02
4.630000000000000426e+01 5.454624133364768568e+02
4.640000000000000568e+01 5.469723884034542607e+02
4.650000000000000000e+01 5.484834226669634063e+02
4.660000000000000142e+01 5.499954108698378832e+02
4.670000000000000284e+01 5.515082345999321660e+02
4.680000000000000426e+01 5.530217427589134331e+02
4.690000000000000568e+01 5.545360455981277710e+02
4.700000000000000000e+01 5.560510585451038423e+02
4.710000000000000142e+01 5.575666455380854813e+02
4.720000000000000284e+01 5.590827576609510743e+02
4.730000000000000426e+01 5.605995343987376600e+02
4.740000000000000568e+01 5.621169395424544746e+02
4.750000000000000000e+01 5.636349912320489466e+02
4.760000000000000142e+01 5.651536993744006168e+02
4.770000000000000284e+01 5.666729498316398121e+02
4.780000000000000426e+01 5.681927009641975701e+02
4.790000000000000568e+01 5.697130002670269278e+02
4.800000000000000000e+01 5.712338239327251586e+02
4.810000000000000142e+01 5.727551205981613975e+02
4.820000000000000284e+01 5.742769666883632453e+02
4.830000000000000426e+01 5.757994675495862111e+02
4.840000000000000568e+01 5.773225712732096326e+02
4.850000000000000000e+01 5.788461162148145149e+02
4.860000000000000142e+01 5.803699838547316858e+02
4.870000000000000284e+01 5.818941565239830425e+02
4.880000000000000426e+01 5.834187100857092219e+02
4.890000000000000568e+01 5.849436320752863594e+02
4.900000000000000000e+01 5.864689660674881679e+02
4.910000000000000142e+01 5.879946255980179330e+02
4.920000000000000284e+01 5.895205858399201588e+02
4.930000000000000426e+01 5.910470743959574520e+02
4.940000000000000568e+01 5.925741657009203891e+02
4.950000000000000000e+01 5.941019070696356721e+02
4.960000000000000142e+01 5.956303465320542045e+02
4.970000000000000284e+01 5.971596990497571369e+02
4.980000000000000426e+01 5.986900504305144750e+02
4.990000000000000568e+01 6.002214341578804806e+02
5.000000000000000000e+01 6.017538242213336162e+02
5.010000000000000142e+01 6.032873099226002296e+02
5.020000000000000284e+01 6.048219976091104400e+02
5.030000000000000426e+01 6.063579075954723976e+02
5.040000000000000568e+01 6.078951420989238841e+02
5.050000000000000000e+01 6.094337027771809971e+02
5.060000000000000142e+01 6.109733909238334491e+02
5.070000000000000284e+01 6.125142482896304728e+02
5.080000000000000426e+01 6.140563016813173363e+02
5.090000000000000568e+01 6.155995708746535229e+02
5.100000000000000000e+01 6.171440908279791984e+02
5.110000000000000142e+01 6.186897808791542275e+02
5.120000000000000284e+01 6.202366186722100565e+02
5.130000000000000426e+01 6.217846124741460017e+02
5.140000000000000568e+01 6.233336748529693523e+02
5.150000000000000000e+01 6.248839134920277729e+02
5.160000000000000142e+01 6.264355325080518924e+02
5.170000000000000284e+01 6.279884985992208613e+02
5.180000000000000426e+01 6.295428143127375051e+02
5.190000000000000568e+01 6.310981873528824053e+02
5.200000000000000000e+01 6.326546263109655683e+02
5.210000000000000142e+01 6.342121113025559680e+02
5.220000000000000284e+01 6.357706336950802779e+02
5.230000000000000426e+01 6.373302405363675689e+02
5.240000000000000568e+01 6.388911725215161823e+02
5.250000000000000000e+01 6.404534114627034569e+02
5.260000000000000142e+01 6.420169491783741478e+02
5.270000000000000284e+01 6.435816537576364453e+02
5.280000000000000426e+01 6.451474857769585469e+02
5.290000000000000568e+01 6.467144315472487506e+02
5.300000000000000000e+01 6.482825130150471296e+02
5.310000000000000142e+01 6.498517789125048694e+02
5.320000000000000284e+01 6.514220326627556688e+02
5.330000000000000426e+01 6.529931880127127215e+02
5.340000000000000568e+01 6.545651658648536113e+02
5.350000000000000000e+01 6.561376681043681174e+02
5.360000000000000142e+01 6.577105700263531389e+02
5.370000000000000284e+01 6.592839200494211127e+02
5.380000000000000426e+01 6.608576241826226578e+02
5.390000000000000568e+01 6.624317617761020074e+02
5.400000000000000000e+01 6.640065023224555034e+02
5.410000000000000142e+01 6.655818543987869589e+02
5.420000000000000284e+01 6.671576556909824376e+02
5.430000000000000426e+01 6.687338680100161810e+02
5.440000000000000568e+01 6.703104197124405346e+02
5.450000000000000000e+01 6.718874519672394854e+02
5.460000000000000142e+01 6.734650569360462669e+02
5.470000000000000284e+01 6.750433074414436305e+02
5.480000000000000426e+01 6.766221951491655773e+02
5.490000000000000568e+01 6.782016841697063683e+02
5.500000000000000000e+01 6.797817583355355282e+02
5.510000000000000142e+01 6.813624746896277884e+02
5.520000000000000284e+01 6.829439423960042177e+02
5.530000000000000426e+01 6.845261080735716632e+02
5.540000000000000568e+01 6.861087845210998921e+02
5.550000000000000000e+01 6.876918765934757403e+02
5.560000000000000142e+01 6.892753805373207570e+02
5.570000000000000284e+01 6.908592045898762990e+02
5.580000000000000426e+01 6.924433828533833548e+02
5.590000000000000568e+01 6.940279765000137786e+02
5.600000000000000000e+01 6.956130785715124603e+02
5.610000000000000142e+01 6.971988245748558484e+02
5.620000000000000284e+01 6.987851745245814072e+02
5.630000000000000426e+01 7.003720328641975357e+02
5.640000000000000568e+01 7.019594445773599318e+02
5.650000000000000000e+01 7.035473986846507159e+02
5.660000000000000142e+01 7.051358802861399226e+02
5.670000000000000284e+01 7.067250346491372284e+02
5.680000000000000426e+01 7.083149872383811498e+02
5.690000000000000568e+01 7.099058999412598041e+02
5.700000000000000000e+01 7.114977690005425757e+02
5.710000000000000142e+01 7.130906725247854183e+02
5.720000000000000284e+01 7.146847355738067336e+02
5.730000000000000426e+01 7.162802090184306962e+02
5.740000000000000568e+01 7.178770120023166328e+02
5.750000000000000000e+01 7.194749263160310875e+02
5.760000000000000142e+01 7.210739995295840572e+02
5.770000000000000284e+01 7.226743277733936566e+02
5.780000000000000426e+01 7.242759771592005791e+02
5.790000000000000568e+01 7.258788888448417538e+02
5.800000000000000000e+01 7.274829684666866569e+02
5.810000000000000142e+01 7.290882124454641371e+02
5.820000000000000284e+01 7.306946214070038650e+02
5.830000000000000426e+01 7.323022379258205774e+02
5.840000000000000568e+01 7.339110685138982717e+02
5.850000000000000000e+01 7.355212643479230792e+02
5.860000000000000142e+01 7.371328806629894643e+02
5.870000000000000284e+01 7.387459444310889012e+02
5.880000000000000426e+01 7.403603689522238938e+02
5.890000000000000568e+01 7.419761238123767271e+02
5.900000000000000000e+01 7.435932215968962282e+02
5.910000000000000142e+01 7.452117290644023342e+02
5.920000000000000284e+01 7.468316799279760971e+02
5.930000000000000426e+01 7.484531308816508499e+02
5.940000000000000568e+01 7.500761479307560649e+02
5.950000000000000000e+01 7.517005853038090208e+02
5.960000000000000142e+01 7.533264498764336849e+02
5.970000000000000284e+01 7.549538182718313237e+02
5.980000000000000426e+01 7.565827024980434317e+02
5.990000000000000568e+01 7.582129684827071969e+02
6.000000000000000000e+01 7.598447890325290928e+02
6.010000000000000142e+01 7.614783147736046658e+02
6.020000000000000284e+01 7.631136267251902154e+02
6.030000000000000426e+01 7.647510374485962075e+02
6.040000000000000568e+01 7.663905191921753612e+02
6.050000000000000000e+01 7.680318429302916456e+02
6.060000000000000142e+01 7.696750961460171538e+02
6.070000000000000284e+01 7.713203412561576897e+02
6.080000000000000426e+01 7.729673929165920754e+02
6.090000000000000568e+01 7.746161220647337586e+02
6.100000000000000000e+01 7.762665579431480865e+02
6.110000000000000142e+01 7.779188174466032706e+02
6.120000000000000284e+01 7.795728641846337723e+02
6.130000000000000426e+01 7.812287509384842679e+02
6.140000000000000568e+01 7.828864111998150292e+02
6.150000000000000000e+01 7.845455541199787604e+02
6.160000000000000142e+01 7.862058320791621782e+02
6.170000000000000284e+01 7.878670727668205700e+02
6.180000000000000426e+01 7.895292444664582945e+02
6.190000000000000568e+01 7.911922986434357199e+02
6.200000000000000000e+01 7.928563511825475416e+02
6.210000000000000142e+01 7.945212748235798017e+02
6.220000000000000284e+01 7.961868976288000113e+02
6.230000000000000426e+01 7.978532399204847252e+02
6.240000000000000568e+01 7.995204200720554581e+02
6.250000000000000000e+01 8.011884493431496139e+02
6.260000000000000142e+01 8.028574416503207658e+02
6.270000000000000284e+01 8.045273440345766858e+02
6.280000000000000426e+01 8.061982556166482254e+02
6.290000000000000568e+01 8.078702931607990649e+02
6.300000000000000000e+01 8.095434825165989423e+02
6.310000000000000142e+01 8.112177382871407190e+02
6.320000000000000284e+01 8.128929947510449665e+02
6.330000000000000426e+01 8.145691334854242314e+02
6.340000000000000568e+01 8.162460699215673685e+02
6.350000000000000000e+01 8.179237917404199152e+02
6.360000000000000142e+01 8.196021780198892657e+02
6.370000000000000284e+01 8.212813448561819314e+02
6.380000000000000426e+01 8.229614215800240800e+02
6.390000000000000568e+01 8.246425504778072764e+02
6.400000000000000000e+01 8.263246423937877125e+02
6.410000000000000853e+01 8.280075471092774251e+02
6.420000000000000284e+01 8.296913891215031072e+02
6.429999999999999716e+01 8.313762191530098562e+02
6.440000000000000568e+01 8.330619588751302445e+02
6.450000000000000000e+01 8.347486087265618835e+02
6.460000000000000853e+01 8.364360263018387514e+02
6.470000000000000284e+01 8.381242546769424280e+02
6.479999999999999716e+01 8.398133584305702470e+02
6.490000000000000568e+01 8.415032804596775122e+02
6.500000000000000000e+01 8.431941258150490057e+02
6.510000000000000853e+01 8.448860186392030300e+02
6.520000000000000284e+01 8.465791388735780174e+02
6.529999999999999716e+01 8.482735789716296040e+02
6.540000000000000568e+01 8.499693805232108161e+02
6.550000000000000000e+01 8.516665251754055816e+02
6.560000000000000853e+01 8.533651227123091303e+02
6.570000000000000284e+01 8.550648687903139944e+02
6.579999999999999716e+01 8.567656671648338715e+02
6.590000000000000568e+01 8.584676835927983802e+02
6.600000000000000000e+01 8.601710488561999455e+02
6.610000000000000853e+01 8.618756433515591198e+02
6.620000000000000284e+01 8.635815159569195885e+02
6.629999999999999716e+01 8.652887619651695559e+02
6.640000000000000568e+01 8.669970200117603554e+02
6.650000000000000000e+01 8.687060450158701315e+02
6.660000000000000853e+01 8.704156860186275253e+02
6.670000000000000284e+01 8.721259475470582174e+02
6.679999999999999716e+01 8.738369106402800526e+02
6.690000000000000568e+01 8.755485496290360743e+02
6.700000000000000000e+01 8.772608754999415623e+02
6.710000000000000853e+01 8.789736444806578675e+02
6.720000000000000284e+01 8.806871354127620179e+02
6.729999999999999716e+01 8.824011960141680220e+02
6.740000000000000568e+01 8.841156496639821398e+02
6.750000000000000000e+01 8.858303165773228329e+02
6.760000000000000853e+01 8.875450273598872855e+02
6.770000000000000284e+01 8.892598342218944936e+02
6.779999999999999716e+01 8.909747604000538104e+02
6.790000000000000568e+01 8.926901215976085950e+02
6.800000000000000000e+01 8.944061213553587777e+02
6.810000000000000853e+01 8.961227994858809325e+02
6.820000000000000284e+01 8.978403928534950182e+02
6.829999999999999716e+01 8.995589343387492818e+02
6.840000000000000568e+01 9.012783818752820935e+02
6.850000000000000000e+01 9.029988148996060318e+02
6.860000000000000853e+01 9.047202130235885988e+02
6.870000000000000284e+01 9.064425859763326798e+02
6.879999999999999716e+01 9.081658405472651339e+02
6.890000000000000568e+01 9.098899783334104541e+02
6.900000000000000000e+01 9.116150112835022128e+02
6.910000000000000853e+01 9.133408633850002616e+02
6.920000000000000284e+01 9.150674774958705484e+02
6.929999999999999716e+01 9.167948312563178206e+02
6.940000000000000568e+01 9.185230008446188776e+02
6.950000000000000000e+01 9.202520251229074120e+02
6.960000000000000853e+01 9.219818508771073766e+02
6.970000000000000284e+01 9.237125669670534762e+02
6.979999999999999716e+01 9.254441252608507966e+02
6.990000000000000568e+01 9.271763912274450377e+02
7.000000000000000000e+01 9.289093966066916437e+02
7.010000000000000853e+01 9.306431036360044118e+02
7.020000000000000284e+01 9.323775662011648819e+02
7.029999999999999716e+01 9.341128801938720017e+02
7.040000000000000568e+01 9.358490915719002032e+02
7.050000000000000000e+01 9.375864984252268641e+02
7.060000000000000853e+01 9.393250919259972989e+02
7.070000000000000284e+01 9.410646917282854247e+02
7.079999999999999716e+01 9.428052226080077389e+02
7.090000000000000568e+01 9.445467392106824036e+02
7.100000000000000000e+01 9.462892008127346344e+02
7.110000000000000853e+01 9.480328001592854434e+02
7.120000000000000284e+01 9.497778059238778496e+02
7.129999999999999716e+01 9.515241818220772529e+02
7.140000000000000568e+01 9.532719683627116183e+02
7.150000000000000000e+01 9.550212148680419659e+02
7.160000000000000853e+01 9.567719102992477929e+02
7.170000000000000284e+01 9.585241039837153494e+02
7.179999999999999716e+01 9.602778621188958823e+02
7.190000000000000568e+01 9.620332735179325709e+02
7.200000000000000000e+01 9.637904511439543285e+02
7.210000000000000853e+01 9.655495154805819311e+02
7.220000000000000284e+01 9.673106028746393577e+02
7.229999999999999716e+01 9.690736267657611052e+02
7.240000000000000568e+01 9.708385723504189855e+02
7.250000000000000000e+01 9.726055378775290592e+02
7.260000000000000853e+01 9.743745923610294994e+02
7.270000000000000284e+01 9.761458474689734430e+02
7.279999999999999716e+01 9.779191392990259146e+02
7.290000000000000568e+01 9.796944219870533743e+02
7.300000000000000000e+01 9.814717697498386997e+02
7.310000000000000853e+01 9.832512510346070940e+02
7.320000000000000284e+01 9.850329466433204288e+02
7.329999999999999716e+01 9.868171269189342638e+02
7.340000000000000568e+01 9.886037931256381626e+02
7.350000000000000000e+01 9.903931252734197415e+02
7.360000000000000853e+01 9.921850457754414947e+02
7.370000000000000284e+01 9.939794195159388437e+02
7.379999999999999716e+01 9.957762152343065054e+02
7.390000000000000568e+01 9.975755459342042286e+02
7.400000000000000000e+01 9.993774153638208873e+02
7.410000000000000853e+01 1.001181777985489362e+03
7.420000000000000284e+01 1.002988499942856947e+03
7.429999999999999716e+01 1.004797540178826466e+03
7.440000000000000568e+01 1.006608850029097653e+03
7.450000000000000000e+01 1.008422461887575309e+03
7.460000000000000853e+01 1.010238356336698985e+03
7.470000000000000284e+01 1.012056461162002506e+03
7.479999999999999716e+01 1.013876746301670437e+03
7.490000000000000568e+01 1.015699154432490900e+03
7.500000000000000000e+01 1.017523646247018519e+03
7.510000000000000853e+01 1.019350270956548343e+03
7.520000000000000284e+01 1.021178978964816793e+03
7.529999999999999716e+01 1.023009820688559557e+03
7.540000000000000568e+01 1.024842735350875273e+03
7.550000000000000000e+01 1.026677883901364567e+03
7.560000000000000853e+01 1.028515317174713800e+03
7.570000000000000284e+01 1.030355092920430934e+03
7.579999999999999716e+01 1.032197191695209085e+03
7.590000000000000568e+01 1.034041633757024329e+03
7.600000000000000000e+01 1.035888347963152000e+03
7.610000000000000853e+01 1.037737330622185254e+03
7.620000000000000284e+01 1.039588704515770360e+03
7.629999999999999716e+01 1.041442609484124887e+03
7.640000000000000568e+01 1.043298877662435189e+03
7.650000000000000000e+01 1.045157401099455683e+03
7.660000000000000853e+01 1.047017895161282468e+03
7.670000000000000284e+01 1.048880108707992576e+03
7.680000000000001137e+01 1.050744024892745301e+03
7.690000000000000568e+01 1.052609661802178152e+03
7.700000000000000000e+01 1.054476822334099779e+03
7.710000000000000853e+01 1.056345294873512330e+03
7.720000000000000284e+01 1.058215146942312003e+03
7.730000000000001137e+01 1.060086532733127115e+03
7.740000000000000568e+01 1.061959441991274844e+03
7.750000000000000000e+01 1.063833899583277116e+03
7.760000000000000853e+01 1.065709829749719120e+03
7.770000000000000284e+01 1.067587243086361923e+03
7.780000000000001137e+01 1.069466143429822068e+03
7.790000000000000568e+01 1.071346493806988292e+03
7.800000000000000000e+01 1.073228431189552111e+03
7.810000000000000853e+01 1.075112096151910691e+03
7.820000000000000284e+01 1.076997383430491254e+03
7.830000000000001137e+01 1.078884290435676121e+03
7.840000000000000568e+01 1.080772698696826637e+03
7.850000000000000000e+01 1.082662532108111009e+03
7.860000000000000853e+01 1.084553843750724354e+03
7.870000000000000284e+01 1.086446721914174077e+03
7.880000000000001137e+01 1.088341194641907350e+03
7.890000000000000568e+01 1.090237214954359615e+03
7.900000000000000000e+01 1.092134722038541668e+03
7.910000000000000853e+01 1.094033656895990362e+03
7.920000000000000284e+01 1.095933901776338871e+03
7.930000000000001137e+01 1.097835421844565417e+03
7.940000000000000568e+01 1.099738090786652947e+03
7.950000000000000000e+01 1.101641696359283742e+03
7.960000000000000853e+01 1.103546159913286147e+03
7.970000000000000284e+01 1.105451266418141131e+03
7.980000000000001137e+01 1.107356887736349108e+03
7.990000000000000568e+01 1.109263070899652121e+03
8.000000000000000000e+01 1.111169562853697244e+03
8.010000000000000853e+01 1.113076166450316578e+03
8.020000000000000284e+01 1.114982827703188377e+03
8.030000000000001137e+01 1.116889496299464554e+03
8.040000000000000568e+01 1.118796394473509054e+03
8.050000000000000000e+01 1.120703690370100730e+03
8.060000000000000853e+01 1.122611502919513214e+03
8.070000000000000284e+01 1.124519737185275972e+03
8.080000000000001137e+01 1.126428036933823478e+03
8.090000000000000568e+01 1.128336294956656275e+03
8.100000000000000000e+01 1.130244446791205519e+03
8.110000000000000853e+01 1.132152417196416764e+03
8.120000000000000284e+01 1.134060272835869910e+03
8.130000000000001137e+01 1.135967835124479507e+03
8.140000000000000568e+01 1.137875106378166947e+03
8.150000000000000000e+01 1.139782008277996511e+03
8.160000000000000853e+01 1.141688560610854438e+03
8.170000000000000284e+01 1.143594605078873428e+03
8.180000000000001137e+01 1.145499885616996835e+03
8.190000000000000568e+01 1.147404304237258202e+03
8.200000000000000000e+01 1.149307908414515850e+03
8.210000000000000853e+01 1.151210693036262455e+03
8.220000000000000284e+01 1.153112630919565163e+03
8.230000000000001137e+01 1.155013953949343659e+03
8.240000000000000568e+01 1.156914696552207488e+03
8.250000000000000000e+01 1.158814808588580718e+03
8.260000000000000853e+01 1.160714389264226156e+03
8.270000000000000284e+01 1.162613405802129364e+03
8.280000000000001137e+01 1.164511704232394322e+03
8.290000000000000568e+01 1.166409179957854349e+03
8.300000000000000000e+01 1.168305826830823889e+03
8.310000000000000853e+01 1.170201464187605097e+03
8.320000000000000284e+01 1.172096207534333189e+03
8.330000000000001137e+01 1.173990107541732414e+03
8.340000000000000568e+01 1.175883166983992169e+03
8.350000000000000000e+01 1.177775267272637848e+03
8.360000000000000853e+01 1.179666388151423462e+03
8.370000000000000284e+01 1.181556531255481332e+03
8.380000000000001137e+01 1.183445587883931694e+03
8.390000000000000568e+01 1.185333619932519241e+03
8.400000000000000000e+01 1.187220540184340507e+03
8.410000000000000853e+01 1.189106354682555093e+03
8.420000000000000284e+01 1.190991150462411497e+03
8.430000000000001137e+01 1.192875097631415656e+03
8.440000000000000568e+01 1.194758230098227614e+03
8.450000000000000000e+01 1.196640618600124753e+03
8.460000000000000853e+01 1.198522254505838418e+03
8.470000000000000284e+01 1.200402648392359424e+03
8.480000000000001137e+01 1.202281702902914049e+03
8.490000000000000568e+01 1.204159274554963531e+03
8.500000000000000000e+01 1.206035224866263434e+03
8.510000000000000853e+01 1.207909523633564504e+03
8.520000000000000284e+01 1.209782282880385992e+03
8.530000000000001137e+01 1.211653489118303924e+03
8.540000000000000568e+01 1.213523209366357605e+03
8.550000000000000000e+01 1.215391448610980660e+03
8.560000000000000853e+01 1.217258297100557684e+03
8.570000000000000284e+01 1.219123840185950485e+03
8.580000000000001137e+01 1.220987881997658860e+03
8.590000000000000568e+01 1.222850247400679564e+03
8.600000000000000000e+01 1.224710907680288301e+03
8.610000000000000853e+01 1.226569979043753165e+03
8.620000000000000284e+01 1.228427452427131584e+03
8.630000000000001137e+01 1.230283402498902888e+03
8.640000000000000568e+01 1.232137825153455651e+03
8.650000000000000000e+01 1.233990618190449140e+03
8.660000000000000853e+01 1.235841649396783623e+03
8.670000000000000284e+01 1.237690874004760644e+03
8.680000000000001137e+01 1.239538449806429753e+03
8.690000000000000568e+01 1.241384604015414197e+03
8.700000000000000000e+01 1.243229488778529685e+03
8.710000000000000853e+01 1.245073140564187497e+03
8.720000000000000284e+01 1.246915466678210578e+03
8.730000000000001137e+01 1.248756333943398431e+03
8.740000000000000568e+01 1.250595723261898229e+03
8.750000000000000000e+01 1.252433627085782064e+03
8.760000000000000853e+01 1.254270071288014833e+03
8.770000000000000284e+01 1.256105003301243869e+03
8.780000000000001137e+01 1.257938294129402721e+03
8.790000000000000568e+01 1.259769811969866623e+03
8.800000000000000000e+01 1.261599465334742263e+03
8.810000000000000853e+01 1.263427389804681070e+03
8.820000000000000284e+01 1.265253616552665108e+03
8.830000000000001137e+01 1.267078004252628034e+03
8.840000000000000568e+01 1.268900434894732371e+03
8.850000000000000000e+01 1.270720818128693736e+03
8.860000000000000853e+01 1.272539169590995471e+03
8.870000000000000284e+01 1.274355431320884009e+03
8.880000000000001137e+01 1.276169571553892411e+03
8.890000000000000568e+01 1.277981444498405835e+03
8.900000000000000000e+01 1.279790812495465389e+03
8.910000000000000853e+01 1.281597628641336996e+03
8.920000000000000284e+01 1.283401948917276968e+03
8.930000000000001137e+01 1.285203627367158106e+03
8.940000000000000568e+01 1.287002611389711319e+03
8.950000000000000000e+01 1.288798774262753568e+03
8.960000000000000853e+01 1.290592010692011172e+03
8.970000000000000284e+01 1.292382169700315217e+03
8.980000000000001137e+01 1.294168954038410902e+03
8.990000000000000568e+01 1.295952369363966227e+03
9.000000000000000000e+01 1.297732691668385314e+03
9.010000000000000853e+01 1.299510157899402202e+03
9.020000000000000284e+01 1.301285093923012255e+03
9.030000000000001137e+01 1.303057659863964773e+03
9.040000000000000568e+01 1.304827909672528449e+03
9.050000000000000000e+01 1.306595828645528854e+03
9.060000000000000853e+01 1.308361549391060407e+03
9.070000000000000284e+01 1.310125111578970063e+03
9.080000000000001137e+01 1.311886515295132540e+03
9.090000000000000568e+01 1.313645578674929766e+03
9.100000000000000000e+01 1.315402408856592501e+03
9.110000000000000853e+01 1.317156758085735873e+03
9.120000000000000284e+01 1.318908255783320101e+03
9.130000000000001137e+01 1.320656922042614951e+03
9.140000000000000568e+01 1.322402942865919158e+03
9.150000000000000000e+01 1.324146291022782862e+03
9.160000000000000853e+01 1.325886887138356769e+03
9.170000000000000284e+01 1.327624768872155073e+03
9.180000000000001137e+01 1.329360125708811438e+03
9.190000000000000568e+01 1.331093065801778266e+03
9.200000000000000000e+01 1.332823591553794813e+03
9.210000000000000853e+01 1.334551689138533447e+03
9.220000000000000284e+01 1.336277497340419131e+03
9.230000000000001137e+01 1.338000825975373800e+03
9.240000000000000568e+01 1.339721416469516953e+03
9.250000000000000000e+01 1.341439134127341276e+03
9.260000000000000853e+01 1.343154056994502298e+03
9.270000000000000284e+01 1.344866245403361972e+03
9.280000000000001137e+01 1.346575339901690313e+03
9.290000000000000568e+01 1.348281330334140648e+03
9.300000000000000000e+01 1.349984408738037473e+03
9.310000000000000853e+01 1.351684638440565095e+03
9.320000000000000284e+01 1.353381949128067163e+03
9.330000000000001137e+01 1.355076484281242983e+03
9.340000000000000568e+01 1.356768320627278626e+03
9.350000000000000000e+01 1.358457381038188714e+03
9.360000000000000853e+01 1.360143628103075798e+03
9.370000000000000284e+01 1.361826763484054482e+03
9.380000000000001137e+01 1.363506758682695136e+03
9.390000000000000568e+01 1.365183419035963652e+03
9.400000000000000000e+01 1.366856759225614269e+03
9.410000000000000853e+01 1.368526978876102021e+03
9.420000000000000284e+01 1.370194227112374165e+03
9.430000000000001137e+01 1.371858363743510608e+03
9.440000000000000568e+01 1.373519325876300627e+03
9.450000000000000000e+01 1.375177205313903414e+03
9.460000000000000853e+01 1.376832007680523247e+03
9.470000000000000284e+01 1.378483389112304167e+03
9.480000000000001137e+01 1.380131252268980688e+03
9.490000000000000568e+01 1.381775614420403826e+03
9.500000000000000000e+01 1.383416743854876586e+03
9.510000000000000853e+01 1.385054797219980856e+03
9.520000000000000284e+01 1.386689864815804867e+03
9.530000000000001137e+01 1.388322015753723463e+03
9.540000000000000568e+01 1.389951454668011138e+03
9.550000000000000000e+01 1.391578146009388320e+03
9.560000000000000853e+01 1.393202086986730819e+03
9.570000000000000284e+01 1.394823170467616364e+03
9.580000000000001137e+01 1.396441533490700749e+03
9.590000000000000568e+01 1.398057198686175980e+03
9.600000000000000000e+01 1.399670498437210199e+03
9.610000000000000853e+01 1.401281617987667460e+03
9.620000000000000284e+01 1.402890383649816840e+03
9.630000000000001137e+01 1.404496618587571675e+03
9.640000000000000568e+01 1.406100515651002070e+03
9.650000000000000000e+01 1.407702305110084808e+03
9.660000000000000853e+01 1.409302085963486661e+03
9.670000000000000284e+01 1.410899898570010464e+03
9.680000000000001137e+01 1.412495520102616865e+03
9.690000000000000568e+01 1.414088843883205300e+03
9.700000000000000000e+01 1.415679957846252137e+03
9.710000000000000853e+01 1.417268827945973499e+03
9.720000000000000284e+01 1.418855185472182939e+03
9.730000000000001137e+01 1.420438981346379933e+03
9.740000000000000568e+01 1.422020183773746567e+03
9.750000000000000000e+01 1.423598625635773260e+03
9.760000000000000853e+01 1.425174571764975099e+03
9.770000000000000284e+01 1.426748226332566219e+03
9.780000000000001137e+01 1.428319658095045497e+03
9.790000000000000568e+01 1.429888928517552358e+03
9.800000000000000000e+01 1.431456073625949330e+03
9.810000000000000853e+01 1.433021104690305947e+03
9.820000000000000284e+01 1.434584073150299673e+03
9.830000000000001137e+01 1.436144872295929190e+03
9.840000000000000568e+01 1.437703249503913412e+03
9.850000000000000000e+01 1.439259243947196182e+03
9.860000000000000853e+01 1.440812766872647217e+03
9.870000000000000284e+01 1.442363753496996651e+03
9.880000000000001137e+01 1.443912119029606401e+03
9.890000000000000568e+01 1.445457665750696833e+03
9.900000000000000000e+01 1.447000368116210666e+03
9.910000000000000853e+01 1.448540401828437098e+03
9.920000000000000284e+01 1.450077790976995175e+03
9.930000000000001137e+01 1.451612551380048671e+03
9.940000000000000568e+01 1.453144462868773417e+03
9.950000000000000000e+01 1.454673580840568775e+03
9.960000000000000853e+01 1.456199640413499765e+03
9.970000000000000284e+01 1.457722315440886177e+03
9.980000000000001137e+01 1.459241741941131068e+03
9.990000000000000568e+01 1.460757997733048114e+03
